State,Vermont,Rhode Island,Pennsylvania,New York,New Jersey,New Hampshire,Massachusetts,Maine,Connecticut
Vermont,1,0.27,0.24,0.09,0.37,0.15,-0.004,-0.14,0.24
Rhode Island,0.27,1,0.48,0.92,0.77,0.93,0.89,0.68,0.96
Pennsylvania,0.24,0.48,1,0.46,0.66,0.41,0.3,0.45,0.56
New York,0.09,0.92,0.46,1,0.74,0.92,0.96,0.75,0.95
New Jersey,0.37,0.77,0.66,0.74,1,0.65,0.62,0.61,0.8
New Hampshire,0.15,0.93,0.41,0.92,0.65,1,0.91,0.64,0.94
Massachusetts,-0.004,0.89,0.3,0.96,0.62,0.91,1,0.77,0.89
Maine,-0.14,0.68,0.45,0.75,0.61,0.64,0.77,1,0.69
Connecticut,0.24,0.96,0.56,0.95,0.8,0.94,0.89,0.69,1